/home/jsnguyen/DSS_data/cosmosim/id_11252618211_a.csv 10783835524 1.1475e+15 10783835524 1.9771e+14
/home/jsnguyen/DSS_data/cosmosim/id_11220617960_a.csv 10110659519 8.3931e+14 10110659519 1.1832e+14
/home/jsnguyen/DSS_data/cosmosim/id_11220617960_a.csv 10272572562 9.2853e+14 10272572562 1.1904e+14
/home/jsnguyen/DSS_data/cosmosim/id_11220617960_a.csv 10433367059 1.0127e+15 10433367059 1.3389e+14
/home/jsnguyen/DSS_data/cosmosim/id_11220617960_a.csv 10593036171 1.0635e+15 10593036171 1.2784e+14
/home/jsnguyen/DSS_data/cosmosim/id_11220617960_a.csv 10751573090 1.1123e+15 10751573090 1.0741e+14
/home/jsnguyen/DSS_data/cosmosim/id_11345117490_a.csv 9912537074 7.7672e+14 9912537074 1.5005e+14
/home/jsnguyen/DSS_data/cosmosim/id_11345117490_a.csv 10076055043 8.6293e+14 10076055043 1.4621e+14
/home/jsnguyen/DSS_data/cosmosim/id_11345117490_a.csv 10238495339 9.2022e+14 10238495339 1.037e+14
/home/jsnguyen/DSS_data/cosmosim/id_11345117490_a.csv 10399810547 1.0035e+15 10399810547 7.7124e+13
/home/jsnguyen/DSS_data/cosmosim/id_11345117490_a.csv 10560045362 1.1203e+15 10560045362 6.2849e+13
/home/jsnguyen/DSS_data/cosmosim/id_11345117490_a.csv 10719167864 1.1887e+15 10719167864 8.7558e+13
/home/jsnguyen/DSS_data/cosmosim/id_11345117490_a.csv 10877220889 1.2593e+15 10877220889 8.6575e+13
/home/jsnguyen/DSS_data/cosmosim/id_11324447409_a.csv 11169435384 1.145e+15 11169435384 9.2441e+13
/home/jsnguyen/DSS_data/cosmosim/id_11312653593_a.csv 9044101404 8.3508e+14 9044101404 1.0305e+14
/home/jsnguyen/DSS_data/cosmosim/id_11312653593_a.csv 9213145954 9.2285e+14 9213145954 4.5466e+13
/home/jsnguyen/DSS_data/cosmosim/id_11312653593_a.csv 9381149693 9.8133e+14 9381149693 6.5633e+13
/home/jsnguyen/DSS_data/cosmosim/id_11312653593_a.csv 9548115368 1.0967e+15 9548115368 1.2817e+14
/home/jsnguyen/DSS_data/cosmosim/id_11312653593_a.csv 9713993437 1.1764e+15 9713993437 4.89e+13
/home/jsnguyen/DSS_data/cosmosim/id_11312653593_a.csv 9878785714 1.2282e+15 9878785714 8.9686e+13
/home/jsnguyen/DSS_data/cosmosim/id_11329797855_a.csv 9731907166 8.1495e+14 9731907166 8.684e+13
/home/jsnguyen/DSS_data/cosmosim/id_11329797855_a.csv 9896603647 8.5216e+14 9896603647 7.5742e+13
/home/jsnguyen/DSS_data/cosmosim/id_11329797855_a.csv 10060204999 9.0548e+14 10060204999 2.959e+13
/home/jsnguyen/DSS_data/cosmosim/id_11329797855_a.csv 10222728764 1.0212e+15 10222728764 2.5518e+13
/home/jsnguyen/DSS_data/cosmosim/id_11271037007_a.csv 9835572187 1.0949e+15 9835572187 1.5579e+14
/home/jsnguyen/DSS_data/cosmosim/id_11271037007_a.csv 10324005716 1.2434e+15 10324005716 4.4995e+13
/home/jsnguyen/DSS_data/cosmosim/id_11271037007_a.csv 10484588283 1.2926e+15 10484588283 3.8426e+13
/home/jsnguyen/DSS_data/cosmosim/id_11271037007_a.csv 10644052139 1.2946e+15 10644052139 2.9723e+13
/home/jsnguyen/DSS_data/cosmosim/id_11271037007_a.csv 10802407084 1.2798e+15 10802407084 2.5961e+13
/home/jsnguyen/DSS_data/cosmosim/id_11271037007_a.csv 10959680874 1.2721e+15 10959680874 2.7305e+13
/home/jsnguyen/DSS_data/cosmosim/id_11270622471_a.csv 10643634139 9.0981e+14 10643634139 7.0432e+13
/home/jsnguyen/DSS_data/cosmosim/id_11237563778_a.csv 9965042410 8.5497e+14 9965042410 1.5885e+14
/home/jsnguyen/DSS_data/cosmosim/id_11237563778_a.csv 10128031131 8.8234e+14 10128031131 2.5192e+13
/home/jsnguyen/DSS_data/cosmosim/id_11237563778_a.csv 10289868027 9.0154e+14 10289868027 2.4131e+13
/home/jsnguyen/DSS_data/cosmosim/id_11237563778_a.csv 10450589900 9.3537e+14 10450589900 2.307e+13
/home/jsnguyen/DSS_data/cosmosim/id_11237563778_a.csv 10610188239 1.0301e+15 10610188239 2.4046e+13
/home/jsnguyen/DSS_data/cosmosim/id_11237563778_a.csv 10768662881 1.1335e+15 10768662881 3.5749e+13
/home/jsnguyen/DSS_data/cosmosim/id_11237563778_a.csv 10926042815 1.2059e+15 10926042815 4.7452e+13
/home/jsnguyen/DSS_data/cosmosim/id_11224150723_a.csv 8779588716 8.0944e+14 8779588716 1.3927e+14
/home/jsnguyen/DSS_data/cosmosim/id_11224150723_a.csv 8950065315 8.3954e+14 8950065315 1.2928e+14
/home/jsnguyen/DSS_data/cosmosim/id_11224150723_a.csv 9119556216 8.7211e+14 9119556216 1.23237e+14
/home/jsnguyen/DSS_data/cosmosim/id_11224150723_a.csv 9288056279 9.2084e+14 9288056279 1.17193e+14
/home/jsnguyen/DSS_data/cosmosim/id_11224150723_a.csv 9455475842 9.8476e+14 9455475842 1.1115e+14
/home/jsnguyen/DSS_data/cosmosim/id_11224150723_a.csv 9621827287 1.0205e+15 9621827287 4.8247e+13
/home/jsnguyen/DSS_data/cosmosim/id_11224150723_a.csv 9787074127 1.0481e+15 9787074127 8.137e+13
/home/jsnguyen/DSS_data/cosmosim/id_11224150723_a.csv 9951214616 1.0513e+15 9951214616 4.6635e+13
/home/jsnguyen/DSS_data/cosmosim/id_11224150723_a.csv 10114269619 1.0826e+15 10114269619 2.4619e+13
/home/jsnguyen/DSS_data/cosmosim/id_11224150723_a.csv 10276168931 1.1142e+15 10276168931 3.9261e+13
/home/jsnguyen/DSS_data/cosmosim/id_11237246306_a.csv 10450265851 8.4009e+14 10450265851 1.1553e+14
/home/jsnguyen/DSS_data/cosmosim/id_11237246306_a.csv 10609865684 9.9007e+14 10609865684 8.7842e+13
/home/jsnguyen/DSS_data/cosmosim/id_11221921685_a.csv 11066663107 1.2044e+15 11066663107 4.8331e+13
/home/jsnguyen/DSS_data/cosmosim/id_11229124160_a.csv 8613458517 8.5479e+14 8613458517 6.0731e+13
/home/jsnguyen/DSS_data/cosmosim/id_11229124160_a.csv 8784882952 8.8354e+14 8784882952 4.5355e+13
/home/jsnguyen/DSS_data/cosmosim/id_11229124160_a.csv 8955334019 9.0874e+14 8955334019 2.6598e+13
/home/jsnguyen/DSS_data/cosmosim/id_11229124160_a.csv 9124800755 9.2292e+14 9124800755 3.4015e+13
/home/jsnguyen/DSS_data/cosmosim/id_11229124160_a.csv 9293274644 9.5517e+14 9293274644 7.17325e+13
/home/jsnguyen/DSS_data/cosmosim/id_11229124160_a.csv 9460670287 9.9086e+14 9460670287 1.0945e+14
/home/jsnguyen/DSS_data/cosmosim/id_11229124160_a.csv 9626996187 9.9947e+14 9626996187 7.398e+13
/home/jsnguyen/DSS_data/cosmosim/id_11229124160_a.csv 9792218593 1.005e+15 9792218593 3.851e+13
/home/jsnguyen/DSS_data/cosmosim/id_11229124160_a.csv 9956335364 9.9031e+14 9956335364 3.2795e+13
/home/jsnguyen/DSS_data/cosmosim/id_11229124160_a.csv 10119366998 9.8577e+14 10119366998 2.5289e+13
/home/jsnguyen/DSS_data/cosmosim/id_11229124160_a.csv 10601638484 1.0258e+15 10601638484 2.615e+13
/home/jsnguyen/DSS_data/cosmosim/id_11247524277_a.csv 10138223634 8.0981e+14 10138223634 1.6308e+14
/home/jsnguyen/DSS_data/cosmosim/id_11247524277_a.csv 10300018081 9.2328e+14 10300018081 1.5235e+14
/home/jsnguyen/DSS_data/cosmosim/id_11247524277_a.csv 10460700101 9.9302e+14 10460700101 1.4579e+14
/home/jsnguyen/DSS_data/cosmosim/id_11247524277_a.csv 10620259517 1.0823e+15 10620259517 1.1739e+14
/home/jsnguyen/DSS_data/cosmosim/id_11247524277_a.csv 10778699841 1.1357e+15 10778699841 1.39e+14
/home/jsnguyen/DSS_data/cosmosim/id_11247524277_a.csv 10936050029 1.1733e+15 10936050029 1.559e+14
/home/jsnguyen/DSS_data/cosmosim/id_11272766658_a.csv 9672357460 7.8922e+14 9672357460 1.9558e+14
/home/jsnguyen/DSS_data/cosmosim/id_11272766658_a.csv 9837364312 8.6809e+14 9837364312 1.9402e+14
/home/jsnguyen/DSS_data/cosmosim/id_11272766658_a.csv 10001269446 9.2441e+14 10001269446 1.7888e+14
/home/jsnguyen/DSS_data/cosmosim/id_11272766658_a.csv 10164092210 9.6402e+14 10164092210 1.4797e+14
/home/jsnguyen/DSS_data/cosmosim/id_11330795344_a.csv 9400302704 8.3452e+14 9400302704 7.9799e+13
/home/jsnguyen/DSS_data/cosmosim/id_11330795344_a.csv 9567169026 8.6113e+14 9567169026 8.9488e+13
/home/jsnguyen/DSS_data/cosmosim/id_11316058031_a.csv 9384748024 7.8442e+14 9384748024 1.4433e+14
/home/jsnguyen/DSS_data/cosmosim/id_11316058031_a.csv 9551694148 7.9871e+14 9551694148 1.4071e+14
/home/jsnguyen/DSS_data/cosmosim/id_11316058031_a.csv 9717552440 8.4033e+14 9717552440 1.1302e+14
/home/jsnguyen/DSS_data/cosmosim/id_11316058031_a.csv 9882325369 8.7268e+14 9882325369 9.8779e+13
/home/jsnguyen/DSS_data/cosmosim/id_11316058031_a.csv 10045999389 9.0454e+14 10045999389 1.2289e+14
/home/jsnguyen/DSS_data/cosmosim/id_11316058031_a.csv 10208594882 9.7424e+14 10208594882 1.5058e+14
/home/jsnguyen/DSS_data/cosmosim/id_11316058031_a.csv 10370058503 1.0122e+15 10370058503 1.5787e+14
/home/jsnguyen/DSS_data/cosmosim/id_11316058031_a.csv 10530432926 1.0521e+15 10530432926 1.8217e+14
/home/jsnguyen/DSS_data/cosmosim/id_11316058031_a.csv 10689692663 1.0792e+15 10689692663 3.2127e+13
/home/jsnguyen/DSS_data/cosmosim/id_11316058031_a.csv 10847865601 1.0949e+15 10847865601 3.3601e+13
/home/jsnguyen/DSS_data/cosmosim/id_11316058031_a.csv 11004974662 1.1134e+15 11004974662 3.5075e+13
/home/jsnguyen/DSS_data/cosmosim/id_11316058031_a.csv 11161022896 1.139e+15 11161022896 5.5048e+13
/home/jsnguyen/DSS_data/cosmosim/id_11334773838_a.csv 9901765677 8.8516e+14 9901765677 6.5914e+13
/home/jsnguyen/DSS_data/cosmosim/id_11334773838_a.csv 10065341430 9.2364e+14 10065341430 9.6202e+13
/home/jsnguyen/DSS_data/cosmosim/id_11334773838_a.csv 10227839608 9.6219e+14 10227839608 1.0871e+14
/home/jsnguyen/DSS_data/cosmosim/id_11334773838_a.csv 10389209127 9.959e+14 10389209127 1.8767e+14
/home/jsnguyen/DSS_data/cosmosim/id_11334773838_a.csv 10549496371 1.0262e+15 10549496371 6.8188e+13
/home/jsnguyen/DSS_data/cosmosim/id_11334773838_a.csv 10708670719 1.064e+15 10708670719 2.514e+13
/home/jsnguyen/DSS_data/cosmosim/id_11334773838_a.csv 10866767488 1.0964e+15 10866767488 2.424e+13
/home/jsnguyen/DSS_data/cosmosim/id_11241574195_a.csv 10132131874 8.9739e+14 10132131874 3.9752e+13
/home/jsnguyen/DSS_data/cosmosim/id_11296284621_a.csv 9861764291 8.0448e+14 9861764291 2.0076e+14
/home/jsnguyen/DSS_data/cosmosim/id_11296284621_a.csv 10188247313 9.2196e+14 10188247313 1.2988e+14
/home/jsnguyen/DSS_data/cosmosim/id_11258257640_a.csv 10149229093 7.7299e+14 10149229093 1.4005e+14
/home/jsnguyen/DSS_data/cosmosim/id_11258257640_a.csv 10310973408 8.7185e+14 10310973408 1.3652e+14
/home/jsnguyen/DSS_data/cosmosim/id_11258257640_a.csv 10471609795 9.1345e+14 10471609795 1.2661e+14
/home/jsnguyen/DSS_data/cosmosim/id_11258257640_a.csv 10631124517 9.4913e+14 10631124517 1.1574e+14
/home/jsnguyen/DSS_data/cosmosim/id_11258257640_a.csv 10789524095 9.8375e+14 10789524095 8.7731e+13
/home/jsnguyen/DSS_data/cosmosim/id_11276628814_a.csv 10490275515 9.7815e+14 10490275515 1.6712e+14
/home/jsnguyen/DSS_data/cosmosim/id_11308853237_a.csv 10682385957 8.6706e+14 10682385957 4.296e+13
/home/jsnguyen/DSS_data/cosmosim/id_11308853237_a.csv 10840588865 9.1656e+14 10840588865 5.3868e+13
/home/jsnguyen/DSS_data/cosmosim/id_11311093183_a.csv 9546487146 8.5381e+14 9546487146 7.99295e+13
/home/jsnguyen/DSS_data/cosmosim/id_11311093183_a.csv 9712373206 8.7833e+14 9712373206 1.1484e+14
/home/jsnguyen/DSS_data/cosmosim/id_11311093183_a.csv 9877172992 8.9772e+14 9877172992 8.0708e+13
/home/jsnguyen/DSS_data/cosmosim/id_11311093183_a.csv 10040873034 8.9508e+14 10040873034 3.302e+13
/home/jsnguyen/DSS_data/cosmosim/id_11297973556_a.csv 9698642001 8.3136e+14 9698642001 1.021e+14
/home/jsnguyen/DSS_data/cosmosim/id_11297973556_a.csv 9863516804 8.6124e+14 9863516804 7.2603e+13
/home/jsnguyen/DSS_data/cosmosim/id_11297973556_a.csv 10027289405 8.9153e+14 10027289405 6.9166e+13
/home/jsnguyen/DSS_data/cosmosim/id_11297973556_a.csv 10189982237 9.2104e+14 10189982237 6.5729e+13
/home/jsnguyen/DSS_data/cosmosim/id_11297973556_a.csv 10351539758 9.6096e+14 10351539758 4.86687e+13
/home/jsnguyen/DSS_data/cosmosim/id_11297973556_a.csv 10512000747 9.8954e+14 10512000747 3.16083e+13
/home/jsnguyen/DSS_data/cosmosim/id_11333977269_a.csv 10865960959 9.012e+14 10865960959 1.9259e+13
/home/jsnguyen/DSS_data/cosmosim/id_11219200223_a.csv 10750145261 9.0246e+14 10750145261 4.0325e+13
/home/jsnguyen/DSS_data/cosmosim/id_11219200223_a.csv 10907585386 9.4387e+14 10907585386 3.4661e+13
/home/jsnguyen/DSS_data/cosmosim/id_11234403831_a.csv 10922862996 9.2009e+14 10922862996 1.5681e+14
/home/jsnguyen/DSS_data/cosmosim/id_11256084994_a.csv 8296977932 7.5225e+14 8296977932 1.5516e+14
/home/jsnguyen/DSS_data/cosmosim/id_11256084994_a.csv 8470115200 8.3536e+14 8470115200 1.7007e+14
/home/jsnguyen/DSS_data/cosmosim/id_11256084994_a.csv 8642320935 8.7316e+14 8642320935 5.195e+13
/home/jsnguyen/DSS_data/cosmosim/id_11256084994_a.csv 8813613082 9.0201e+14 8813613082 5.4407e+13
/home/jsnguyen/DSS_data/cosmosim/id_11256084994_a.csv 8983921799 9.2526e+14 8983921799 5.0788e+13
/home/jsnguyen/DSS_data/cosmosim/id_11256084994_a.csv 9153253348 9.5607e+14 9153253348 5.3399e+13
/home/jsnguyen/DSS_data/cosmosim/id_11256084994_a.csv 9321582252 9.8286e+14 9321582252 5.601e+13
/home/jsnguyen/DSS_data/cosmosim/id_11256084994_a.csv 9488842953 9.777e+14 9488842953 4.3073e+13
/home/jsnguyen/DSS_data/cosmosim/id_11256084994_a.csv 9655028481 9.3019e+14 9655028481 4.8763e+13
/home/jsnguyen/DSS_data/cosmosim/id_11256084994_a.csv 9820116528 8.8777e+14 9820116528 3.84e+13
/home/jsnguyen/DSS_data/cosmosim/id_11228771805_a.csv 8613077595 8.5859e+14 8613077595 5.0774e+13
/home/jsnguyen/DSS_data/cosmosim/id_11228771805_a.csv 8784504283 8.7035e+14 8784504283 4.5998e+13
/home/jsnguyen/DSS_data/cosmosim/id_11228771805_a.csv 8954957391 8.6262e+14 8954957391 5.6421e+13
/home/jsnguyen/DSS_data/cosmosim/id_11228771805_a.csv 9124426079 8.5479e+14 9124426079 5.5547e+13
/home/jsnguyen/DSS_data/cosmosim/id_11228771805_a.csv 9292902061 8.5276e+14 9292902061 5.0008e+13
/home/jsnguyen/DSS_data/cosmosim/id_11228771805_a.csv 9460299570 8.5552e+14 9460299570 6.2182e+13
/home/jsnguyen/DSS_data/cosmosim/id_11228771805_a.csv 9626627629 8.5943e+14 9626627629 5.78887e+13
/home/jsnguyen/DSS_data/cosmosim/id_11228771805_a.csv 9791852038 8.6594e+14 9791852038 5.35953e+13
/home/jsnguyen/DSS_data/cosmosim/id_11228771805_a.csv 9955970806 8.7927e+14 9955970806 4.9302e+13
/home/jsnguyen/DSS_data/cosmosim/id_11295086546_a.csv 10187020258 8.2975e+14 10187020258 1.989e+14
/home/jsnguyen/DSS_data/cosmosim/id_11295086546_a.csv 10348590994 8.7827e+14 10348590994 2.1678e+14
/home/jsnguyen/DSS_data/cosmosim/id_11295086546_a.csv 10509064234 9.2114e+14 10509064234 1.3489e+14
/home/jsnguyen/DSS_data/cosmosim/id_11225900823_a.csv 8781448076 7.551e+14 8781448076 1.6062e+14
/home/jsnguyen/DSS_data/cosmosim/id_11225900823_a.csv 8951916023 7.8457e+14 8951916023 1.6045e+14
/home/jsnguyen/DSS_data/cosmosim/id_11225900823_a.csv 9121398927 8.0643e+14 9121398927 1.2919e+14
/home/jsnguyen/DSS_data/cosmosim/id_11225900823_a.csv 9953015059 8.9491e+14 9953015059 3.72745e+13
/home/jsnguyen/DSS_data/cosmosim/id_11225900823_a.csv 10116061911 8.7516e+14 10116061911 6.1889e+13
