###############################
halo_index: 2086547
588.202 333.579 428.078
578.588 -188.884 129.539
1.15931e+14 1.22357
pId: 29455115
###############################
halo_index: 2086548
588.184 333.544 428.199
168.481 34.4499 -904.135
1.1636e+14 1.22446
pId: -1
###############################
halo_index: 5551226
90.1912 382.787 976.555
-496.374 -284.889 -628.504
1.87856e+14 1.42884
pId: -1
###############################
halo_index: 5551236
90.2748 382.815 976.476
629.839 -90.012 36.4068
1.88051e+14 1.42698
pId: 79767481
###############################
halo_index: 9111737
925.299 898.842 953.667
208.434 438.918 -860.263
1.60913e+14 1.36681
pId: 132255419
###############################
halo_index: 9111738
925.342 898.88 953.645
-156.844 -354.036 -194.111
1.61187e+14 1.36965
pId: -1
###############################
halo_index: 9440750
1182.5 326.349 67.493
829.907 124.927 127.188
1.55798e+14 1.36772
pId: 138435804
###############################
halo_index: 9440751
1182.57 326.391 67.523
157.288 413.92 -576.369
1.55681e+14 1.36864
pId: -1
###############################
halo_index: 15150723
1726.53 490.644 596.753
-1085.51 -130.238 710.099
1.59234e+14 1.34922
pId: -1
###############################
halo_index: 15150724
1726.53 490.64 596.867
164.282 -454.912 456.336
1.58922e+14 1.34713
pId: 222424805
###############################
halo_index: 15357514
1897.16 474.618 738.164
-234.724 -487.076 561.813
1.56618e+14 1.36396
pId: -1
###############################
halo_index: 15357515
1897.26 474.64 738.155
153.469 700.255 373.068
1.56267e+14 1.36253
pId: 224528989
###############################
halo_index: 16173589
1468.64 582.432 706.259
-634.753 -26.0592 -401.892
1.79422e+14 1.43862
pId: 237069762
###############################
halo_index: 16173908
1468.75 582.381 706.234
-184.514 1072.97 -319.47
1.79578e+14 1.44072
pId: -1
