1500011759883627844
1500011763968637148
1500011768058155707
1500011774486210500
1500011778464695267
1500011782279206070
1500011786062276063
1500011789933711612
1500011793715851134
1500011797930547662
1500011802152440067
1500011806000700693
1500011809863963200
1500011813661226151
1500011817369964186
1500011821112685794
1500011825008182657
1500011830383186428
1500011834762220895
1500011839795473597
1500011844060361146
1500011850813294088
1500011855092718323
1500011861494262082
1500011865313075921
1500011869067574494
1500011873327804439
1500011877185802926
1500011880959638567
1500011884909326710
1500011888742719424
1500011892555660805
1500011896412147102
1500011900265645888
1500011904770594116
1500011908503275781
1500011912269176246
1500011916094081359
1500011919907493933
1500011923682164689
1500011928606450229
1500011932477470264
1500011938255395040
1500011942449861800
1500011946300913013
1500011950191492330
1500011954440777830
1500011958781893213
1500011962675270847
1500011967161349240
1500011972359254820
1500011976431771193
1500011980712126266
1500011984778968563
1500011988645362543
1500011992720943499
1500011996679945285
1500012000435694343
1500012004406475474
1500012009650634682
1500012013547911113
1500012017824296628
1500012022576665609
1500012026562886812
1500012030554786173
1500012034462309238
1500012038337736098
1500012042219613202
1500012046140134158
1500012049947216028
1500012053731931010
1500012057516872155
